# Independent user-supplied Telegram blocklist; one numeric user ID per line.
# Source: supplied historical moderation list. Imported as unverified moderation data.
# List date: 2018-03-09 (9 de marzo de 2018).
# IDs already present in telegram_legacy_ids.txt were excluded.
1080505
1572306
3695369
4104513
5973263
6304313
7892536
8014145
8556818
10284761
10626395
11420815
12292664
12875203
12913438
13523514
13780550
13939817
14066145
14355974
15265874
15847650
18301686
18386609
21760997
23020449
23911640
24824373
27296972
28476435
29054890
31752384
33873936
34093264
34283167
34314025
35354384
35402056
35872318
36480831
36565351
36838580
37686007
38388552
39262320
41028397
44273619
45499323
45737311
45772835
46386720
46434761
46989574
47197740
47259483
48132759
48333205
50634565
51645451
51817825
51983514
53150490
55997512
56088541
56443555
56551003
56660284
56975817
57152144
57176766
58402301
59456826
59975944
61820971
63043375
63774204
64841322
65534849
66176926
66522846
67066460
67273069
67330242
67483824
67554033
67613250
68182389
68882302
69413457
70133934
70257806
70265580
71533068
72678411
73170164
73629962
73730154
74266346
74616357
75158338
75226090
75295751
75372362
75373019
75718542
76732442
76844953
77284389
78504631
79744887
79779570
79892881
80768672
80824776
81063381
81231445
81256493
81700401
82731291
82777403
83485086
83709003
83797344
83951612
84572932
86465543
86508363
86703093
86986122
87431399
87444941
87806572
88004437
88436408
89113828
90160396
90208731
90351145
91131166
91148489
91222817
91385066
92054065
92060792
92776898
92960653
93132818
93157246
93438345
93472230
93566928
93825415
94187839
94316810
94602239
94888645
95059284
95120690
95388616
95674771
96311482
96525937
97789071
98128903
98255177
98543968
98703798
98885965
99151973
99329743
99598768
100230511
100352399
100832973
101147137
101481278
101738915
102136811
102181419
102194768
102325284
102820890
103095275
103161003
103393501
104152652
104337160
105440845
106398115
106747430
107017499
107923282
108008242
108219742
108372306
108660768
108706308
109183931
109462019
109762356
110199456
110242623
110425463
110534526
111128371
112019621
112064887
112787760
112864366
112886980
112963915
112987162
113015838
113019557
113359556
114045998
114165490
114626659
114905089
114934757
115262828
115378030
115984287
116367138
116440206
116619555
116707836
116921519
117299120
117628648
117979740
117994517
118083005
118262853
119208345
119389927
119614812
120821989
121424899
121686807
122300832
122309643
123615558
123728279
123924843
124047454
124285145
124326722
124374250
124851387
124885985
124907012
125293981
125578429
125931717
126124800
126236302
126427285
126606807
126616152
126633322
126858779
127051210
127064744
127231147
127492127
127527534
127546323
127590877
127944527
128526634
128528332
128541783
128792203
128819488
128960727
129073294
129134338
129484355
129675559
129941572
130291008
130297302
130387927
130391987
130421220
130431562
130486427
130853133
131237669
131367311
131448898
131451735
131548112
131735558
131953176
132049581
132155838
132408555
132470818
132510152
132649874
132677605
132684151
132987204
133071561
133078355
133766952
133775576
133823155
134011475
134134899
134401688
134586082
134622085
134750342
134831487
135137835
135242380
135422030
135431487
135571580
135679987
136587132
136971372
137020268
137568379
137579869
137610603
137927916
138096672
138121159
138323852
138561114
139207746
139491234
139794135
140010140
140146262
140220216
140345241
140637155
140827430
140946706
141069355
141073190
141123978
141282749
141531521
141655957
141753261
141962760
142198377
142320805
142436272
142741964
143013524
143115687
143131342
143481045
143576332
143581605
143694718
143708507
143747998
144119525
144157837
144236227
144297753
144734960
144784098
145031228
145108926
145184683
145209253
145282100
145363590
145555183
145787988
145811442
145986459
146020847
146325019
146348828
146428191
146456718
146540504
146815335
146993061
147003601
147043044
147104704
147118238
147283626
147317208
147840029
147927412
148029403
148049678
148948491
148961858
149154417
149318756
149402006
149500261
149594366
149742271
150015471
150096309
150187083
150381072
150401467
150580234
151001127
151156088
151577572
151594787
151646217
151758842
151780890
151942579
152021895
152103288
152226621
152498139
152549294
152564675
152598560
152679769
152926446
153021798
153178425
153276831
153317962
153395838
153517274
153822864
153850788
153871957
154079765
154542922
154905816
155021867
155233519
155265657
155322577
155326820
155365683
155518180
156008425
156084733
156178381
156211185
156302454
156328322
156355432
156670417
156672160
156685092
156699505
156876312
157036896
157102926
157280558
157313014
157335584
157361518
157628737
157876976
158156765
158188634
158221645
158407613
159132584
159157257
159187494
159244028
159263523
159359905
159535873
159691026
159874205
159879054
160219740
160784771
160886500
160914392
161137109
161220258
161221860
161309123
161620054
161820121
161889477
161927486
162034929
162190377
162393964
162836547
163019234
163117763
163140039
163527360
163803087
164030881
164192946
164917513
165276767
165365314
165643811
165657454
166072644
166107040
166276735
166283608
166400191
166490879
166493714
166527037
166610103
166836794
166863485
166908796
167242874
167315423
167411208
167430064
167545514
167948960
167961262
168071422
168075273
168210909
168249950
168335062
168373044
168381663
168631860
168978547
169374502
169376164
169502057
169636995
169699588
169727477
169796876
169908966
170103329
170551683
170825638
170843282
170988526
171023237
171038792
171223872
171333225
171372268
171385388
171628656
171639084
172184401
172265466
172335403
172456751
172690229
172730230
173675638
173705045
173805520
173842636
173884275
173946583
174006536
174128693
174166492
174223849
174225396
174230922
174416500
174449185
174455142
174592334
174625123
174645897
174663126
174815094
175352245
175428523
175471831
175501574
175580087
175700385
175744386
175827131
175832663
175860825
175962284
176334425
176379740
176424277
176531331
176595187
176667372
176817790
176929555
177193254
177607647
177667185
177796261
178105125
178265320
178420649
178508088
178567879
178916378
178990593
179221970
179400514
179512908
179691927
179853164
179870928
179894302
179900826
180196851
180216145
180271533
180284395
180405845
180461594
180475688
180488971
180578080
180723412
180825440
180868267
180899548
180927016
181349986
181480044
181528374
181541824
181604511
181620855
182149029
182239400
182296880
182761633
183002254
183022957
183180019
183531561
183533599
183566358
183584953
183697582
183799375
183824440
183829599
184013114
184054144
184144635
184165079
184240737
184301660
184304157
184789182
184968641
185059622
185259222
185403627
185421952
185583409
185585107
185594143
185691280
185703768
185838682
185911647
186037664
186074588
186166577
186178473
186184894
186196899
186266015
186471616
186666446
186770774
186836458
186990807
186995327
187001919
187008427
187143719
187275794
187324611
187381857
187625925
187683761
187823177
187935363
188219104
188248936
188308105
188370896
188487389
188532002
188537354
188908337
188915776
188922140
188997947
189105691
189158352
189189364
189282604
189400989
189435784
189560506
189594404
189606625
189822663
189932408
189982894
190184040
190300192
190452765
190455504
190469218
190546461
190724082
190859525
190928138
190930802
191011261
191186235
191191323
191216439
191226210
191258744
191303159
191368722
191469777
191688513
191757674
191773525
191816976
192014628
192206120
192254555
192553075
192855206
192885955
192906615
192958308
192969682
193228125
193237311
193244502
193329823
193362719
193485082
193686155
193852433
193874640
193916225
193932301
194215975
194399879
194586876
194638884
194698787
194730675
194863795
194881243
194890877
195015644
195386462
195669565
196029421
196051753
196245837
196394892
196595466
196602750
196621648
196626967
196917702
197039740
197159557
197201080
197203195
197355192
197493386
197571588
197687327
197704155
197773804
197774693
197795898
197878965
197945175
198061487
198155527
198160448
198225296
198237283
198318629
198386084
198637131
198776139
198874284
198999139
199022428
199141476
199173892
199263963
199327101
199345573
199480589
199482744
199574951
199654868
199885654
199944388
200091210
200126859
200178885
200203790
200211240
200342606
200466380
200502138
200565841
200582322
200710510
200717400
200725896
200917831
201154848
201222469
201277436
201334085
201366937
201367311
201444604
201471963
201473606
201478681
201498979
201549673
201713368
201724275
202285747
202395790
202408787
202522043
202545351
202546488
202733919
202892866
202984234
203055985
203100410
203103474
203265376
203420710
203452269
203533347
203562466
203648040
203669047
203676297
203767973
203810927
203811940
203951479
203978887
204504364
204506067
204651352
204725392
204858146
204865857
204976724
205045094
205162365
205425399
205451769
205568560
205601899
205673387
205827876
205859619
206023356
206056760
206367241
206406528
206426100
206464991
206491679
206662852
206664748
206727370
206871399
206912614
207137662
207171066
207256980
207267980
207361627
207664804
207784144
207809350
207833057
207993748
208061905
208108502
208120578
208239717
208247812
208443661
208512712
208623668
208753299
208824186
208946825
208981299
209018308
209055609
209230617
209269975
209388922
209452192
209495728
209720595
209759843
209890489
209998023
210029578
210288239
210382067
210408723
210467181
210633572
210754570
211169033
211366338
211377076
211573514
211611997
211668413
211836482
212142768
212143524
212144556
212398200
212500178
212533147
212719647
212863401
212965957
212977716
213030821
213086285
213295689
213296214
213389510
213407047
213440302
213526747
213537153
213562915
213657279
213696246
213699426
213705476
213720251
213756740
213792644
213818754
213844041
213886494
213889067
213920781
213967826
213993586
214038397
214147899
214163753
214174102
214836668
215255167
215327233
215391195
215424027
215543966
215785053
215827695
215888902
215952670
216033223
216054780
216187274
216275892
216278653
216461160
216506326
216588877
216629865
216707715
216949168
216965001
217034122
217038887
217044967
217060015
217131919
217247488
217602225
217790545
217872878
217877326
217988354
218333660
218541084
218557570
218846316
218849971
218898992
218978410
218997377
219073253
219075100
219195982
219279786
219357353
219423156
219597247
219769656
219861246
219882335
220191156
220348679
220396498
220566341
220869028
220967787
221051148
221076560
221093806
221378074
221443852
221585107
221617296
221635871
221641725
221677868
221784710
221786915
221911059
222003380
222037018
222200886
222237942
222348209
222353574
222413782
222445624
222517260
222852236
222916385
222938903
222946752
222952010
222958960
223416031
223591331
223736974
223872741
223900782
223907107
223980820
223998420
224077282
224079755
224208960
224244472
224268161
224380321
224425965
224456606
224487527
224526299
224774657
224795916
224833919
224844393
224848489
224965201
225242920
225265741
225319994
225627062
225655823
225700021
225757830
225799323
225817121
225858013
225899991
226212983
226403420
226439891
226613955
226649729
226793828
226847818
226871311
226889509
226955993
227063235
227067677
227068819
227221680
227223253
227653706
227674612
227694997
227715680
227839611
227886445
227936164
227991704
228364835
228378643
228383226
228413184
228453066
228499314
228732384
228810780
228824292
228913415
229173572
229215314
229346343
229414529
229441656
229451014
229528781
229633619
229747094
229873212
229888170
229958693
230027963
230084615
230134571
230274336
230420501
230443316
230498812
230545669
230577789
230606940
230620143
230699464
230783349
230811168
231055322
231055497
231201142
231451859
231471960
231615064
231728284
232126101
232136386
232213093
232407064
232523266
232568269
232629837
232703036
232831540
232863869
232952980
232995804
233028133
233055549
233057104
233117087
233168217
233172746
233211973
233596720
233707050
233759334
233761262
233928905
234023800
234134403
234154496
234283621
234373667
234389046
234395174
234557102
234646950
234692620
234708806
234740564
234780017
234790534
234930685
235052259
235131310
235319017
235332912
235389479
235494319
235660663
235681941
235817206
235866350
235902686
236148383
236175503
236237052
236495692
236510009
236535801
236707397
236746934
236757475
236781787
236783003
236792617
236884113
236929156
236986785
236997804
237186254
237280161
237288909
237457816
237622676
237758741
237835919
237836796
237917146
237932011
238004500
238129636
238194855
238245143
238292509
238319561
238507705
238585342
238769331
238834924
238932806
239053173
239088962
239645608
239840943
239855910
239919319
239919689
239957044
239969267
240154726
240318046
240494532
240505764
240561004
240677048
240690245
240952324
240979993
241114122
241189674
241192129
241337719
241481395
241586678
241591724
241624825
241651616
241707818
241716471
241759942
241773886
241914633
241936867
242232784
242591371
242885347
242890695
242924889
243312673
243402150
243426645
243546494
243753695
243833012
243861634
243936451
243974809
244000325
244150887
244195719
244221129
244352778
244417295
244432166
244457840
244502059
244808106
244870586
245094928
245113361
245151008
245176257
245475110
245554099
245601508
245697827
245788428
245821770
245854728
245905777
246032765
246156564
246190138
246232470
246500477
246746877
247068957
247076718
247179966
247241005
247310892
247570803
247668113
247786286
248378937
248453145
248454024
248506425
248660807
248861696
249022225
249075548
249227658
249549573
249565792
249810777
249856873
250091399
250723649
250729512
250773512
250884728
250917319
250970345
251287373
251577472
251611011
251722209
251792933
251876500
251893292
251978028
252042723
252128067
252444894
252547077
252552862
252887810
253029682
253097591
253159726
253241858
253404669
253709557
253721632
253787884
253867711
253884532
253905170
254168087
254420809
254437042
254454716
254490931
254588832
254590815
254637177
254637736
254698116
254754566
254925692
254972633
254994628
255252313
255265779
255409121
255639966
255704185
255713958
255874711
256197139
256548134
256728785
256866153
256888562
257456429
257720003
257860957
258291095
258367537
258389216
258414056
258468807
258523337
258780676
258963949
259137753
259174084
259180038
259208102
259236211
259319525
259355181
259610288
259851693
259877573
260048660
260063969
260126062
260192490
260218708
260317208
260403781
260438437
260484404
260521260
260649465
260919660
260947668
260955962
261088434
261178324
261395459
261415969
261659261
261893057
261899547
261928607
261969799
261980116
262177625
262326867
262395884
262519029
262903975
262943074
263008797
263011069
263144090
263282243
263333276
263692633
263797874
263968383
264253632
264414287
264458392
264476293
264791043
264809811
264820522
264971893
264982809
265342625
265422101
265490244
265505379
265535860
265544945
265721361
266005211
266041147
266072877
266111188
266118164
266372075
266535392
266776898
267084858
267213065
267230121
267261455
267545823
267563274
267595939
267733270
267838951
268028553
268100315
268151094
268193046
268206103
268223973
268523092
268556656
268558895
268581092
268854816
268908055
269079944
269319239
269332643
269337664
269461296
269466958
269472948
269491945
269598044
269617206
269710006
269812418
270004306
270089373
270092133
270095466
270178164
270276023
270353943
270747110
271204466
271217110
271257834
271365560
271622899
271708105
271795964
271834824
272022745
272070606
272077777
272098874
272127520
272181220
272259169
272283818
272421885
273008764
273195453
273199991
273423182
273662895
273694695
273749843
273940802
274012451
274046595
274126280
274174139
274263852
274489939
274605041
274797825
274847994
274916897
274931988
274977563
275210098
275315967
275327708
275338926
275367728
275391491
275516879
275538819
275569704
275649517
275717690
275731756
275870491
275905586
275908209
275981946
275988308
276068461
276172216
276205252
276216980
276324744
276400498
276622556
276634962
276696900
276752267
277014517
277036292
277069935
277152447
277231897
277437715
277626331
277637276
277658216
277737125
277743193
277811464
277826702
277885885
277926166
277953890
277977010
278167557
278184135
278191843
278222120
278273735
278385047
278424542
278902306
278906490
279194206
279425017
279567185
279736054
279813569
280252130
280307873
280529824
280608409
281064570
281096857
281147890
281208054
281229788
281235009
281262155
281290949
281321016
281368167
281408143
281423531
281445498
281498629
281595456
281768071
281794634
281873132
281951399
282034173
282281096
282317732
282615315
282655590
282691200
282905859
282949364
283238326
283371897
283527518
283641399
283710089
283748777
283808126
283846966
283988068
284036906
284296263
284397546
284431191
284513785
284553587
284627147
284655414
284693942
284728220
284757320
284791228
284794254
284813756
284828671
284951523
285016585
285060405
285138629
285143940
285488434
285530218
285836176
285979006
286234593
286567809
286668021
286721532
286842941
286895639
286907714
287053743
287149484
287160220
287216358
287255642
287285343
287308967
287410899
287427059
287434828
287461176
287583262
287996494
288191001
288246940
288331921
288477206
288556690
288683140
288718600
288825097
289446671
289476918
289509568
289556827
289643187
289792728
289823357
290125561
290260165
290487372
290551410
290677621
290937366
290966375
291004435
291239343
291520854
291690005
291884660
291887711
291955174
291990515
292032176
292111402
292311226
292385724
292433333
292453615
292468608
292482683
292630845
292869863
293074428
293463241
293465652
293484839
293527179
293548722
293752931
293815180
293953599
294574691
294711831
295117115
295287401
295301745
295326938
295472596
295510509
295886881
296061096
296142020
296285087
296312884
296320267
296434255
296538793
296598488
296678005
296774513
296903212
296919827
296975805
296988176
297032944
297069031
297089754
297481221
297627890
297667695
297723043
297924119
298005446
298132401
298144860
298254492
298450918
298509190
298534085
298595710
298891526
299009043
299135637
299143239
299147482
299203047
299435861
299646361
299753323
299834546
299874355
299909154
300050070
300128537
300255186
300557680
300789797
300834399
301251811
301442217
301488009
301726228
301758252
302145331
302151049
302197347
302331565
302479756
302582543
302640317
302658984
303107481
303122631
303208294
303230937
303286103
303377912
303411714
303893217
303984804
304096042
304248320
304454669
304535630
304852099
304860618
305022625
305156282
305238628
305456546
305622366
305627756
305640590
305704743
305851835
305854214
306152776
306203270
306549254
306604539
306787349
306913934
306959611
307081304
307275024
307476558
307515540
307606421
307625119
308089302
308161880
308263623
308451840
308538551
308554769
308939550
308947888
309020015
309028908
309044088
309212313
309271743
309335535
309577902
309603442
309750841
309845947
309861486
310604336
310652054
310682185
310726322
310965234
311448034
311448167
311455761
311517058
311594629
311811369
311996071
312040348
312158598
312188373
312205781
312456157
312492342
312554321
312591907
312643172
312696488
312750328
312781506
313042787
313321807
313702411
313953988
313987895
314053057
314303060
314308724
314320149
314474046
314718469
314896227
315088405
315441993
315607126
315637337
315682376
315830965
315834232
315840735
315844870
315947731
315953542
316030540
316107097
316457182
316484414
316518888
316619462
316863559
316905310
317019066
317252974
317296822
317311793
317357942
317463678
317553759
317588412
317591996
317699354
318119367
318144916
318152450
318399278
318817500
318885213
318885390
318975415
319236032
319339163
319562128
319752297
320097842
320108181
320478609
320587161
320661098
320893763
321024633
321282956
321524945
321841097
321966671
322012895
322167146
322346749
322471010
322524201
322976760
323197303
323290377
323345688
323638141
323676991
323750926
323754627
323827078
324215637
324333622
324481011
324543825
324645233
325061508
325066097
325902535
326104477
326138086
326191132
326487305
326550668
326768655
326775726
326844008
326861414
327128489
327536538
327626440
327809917
327993368
327998776
328332526
328364707
328508386
328549232
328552245
328676744
329049761
329169203
329248333
329276851
330110521
330476833
330493995
330736370
331121304
331321860
331458961
331631899
332027106
332118243
332404055
332480450
332608075
332665687
332696475
332875098
332886143
333205710
333258388
333273205
333339349
333701344
333935438
333937391
334219653
334295339
334310358
334522696
334673394
334764240
334786839
334907613
335092910
335190790
335399511
335509097
336096239
336184373
336434532
336838191
337042349
337484829
337608489
337974778
338027472
338229551
338256688
338274957
338333909
338520727
338827311
338990869
339171632
339290337
339488833
339535808
339557860
339934541
340106551
340165445
340257403
340437650
340673677
340722641
340761364
340985930
341048766
341132434
341157899
341268925
342511386
342666661
342787110
344078305
344242201
344626752
344695201
345462173
345474759
345826185
346197468
346321328
346469600
347017873
347373789
347486281
347490521
347537895
348048631
348140560
348494132
348742235
348872542
348894168
349043113
349058762
349224448
349226651
349304637
349598285
349627008
350674652
351208801
351674567
351688385
351837696
351853157
352389088
352504464
352701906
352891110
352944743
353229869
354004553
354084560
354511239
354520209
354614403
355178051
355412655
355848042
355910166
356437126
356450808
356870284
357375533
357430529
358158808
358377584
358657692
358869313
358882398
358966009
359181652
359230810
359444105
359463651
359540954
359648330
359864626
360458233
361615300
361894799
361952106
362149679
362204189
362472414
362624957
362988278
362990283
363206319
363399858
363473442
363548827
363574921
363621562
363931396
364058128
364218783
364574568
364669343
364804763
364834874
365030809
365044453
365182163
365341776
365356990
365501035
365609856
366044627
366501826
366734049
367457855
367484683
367754175
368059592
368126077
368344031
368359453
368483018
368516858
368646463
368689326
368732233
368776064
368849228
369045418
369105874
369515040
369755372
370020534
370259170
370278239
370620825
370771899
371079108
371379320
371468401
371636725
371915274
371925390
371979440
371993155
372042942
372183558
372279669
372719082
372822092
372968819
373017053
373237017
373513939
373546262
373684200
373793711
374055961
374183289
374268106
374797251
374974327
375708544
375955235
376172510
376230311
376362351
376391649
376502838
376559268
376564111
376596459
376612262
377306821
377517707
377711659
378035504
378275390
378337917
378735151
378881839
378958359
379015699
379058733
379511931
379581338
380692557
381761877
382059579
382502092
382725082
382732642
383784125
384159337
384256511
384959422
386317542
386818227
388914335
389164045
390590450
390762797
391896493
391962002
393032757
393282776
393325001
393854022
393862075
394517960
394627063
395455882
395853437
396956893
397207901
397694261
398460983
399467850
400138779
400250482
400266811
401961397
403444437
403591198
406040968
406660651
406735179
406837633
407388331
408755740
409385271
409612173
410580761
412798916
413433503
414556512
414853495
415460330
416269742
416447952
416558222
417665557
418084061
418972917
419599911
421037762
421998859
423516698
425221903
425660064
426091449
429055264
430572275
433382467
435160931
436161279
436261643
436686459
436714877
437565154
438406948
438736030
438951699
439786471
440362548
441641105
444231259
444760193
445110411
448226940
448632980
450790610
451946873
454534401
455290714
456699094
460867317
464826508
479913393
480243632
480372881
485050203
489379371
489789218
491256332
493128105
495853126
496957768
499434653
501578206
510420131
510886869
511465296
522809669
526036226
526387104
527206064
528833224
533252757
535405305
543600619
544551445
547135699
548213322
550081219
1379227916
