# Independent user-supplied Telegram blocklist; one numeric user ID per line.
# Source: telegram_legacy. Imported as unverified moderation data.
# List date: 2016-09-24 (24 de septiembre de 2016).
441103
643975
656927
1036281
1491862
1873318
2166074
2696934
3228615
3287205
3423749
3940053
4141944
4143540
4201113
4411103
4647150
5552649
5563716
5765516
5809525
6533305
6691040
6719791
6933616
7307987
7335279
7383093
7418245
8429038
9206411
9824282
9978382
10121096
10207235
11035564
11155251
11448535
11544460
11809182
11832353
11936169
12001941
12168010
12732841
13597512
13603411
13818043
13818046
13850876
13881660
14089301
14695134
15084291
15547007
16491511
16570366
16624802
16905023
18214643
18398630
20772388
21927058
22024375
22747925
22922024
22922034
23510662
24042469
24299034
25076953
25801020
26838207
28358650
29836831
30064193
30650603
31325205
32224700
32282540
34538808
35520904
35799540
35912883
37194141
37642016
37931335
37951115
38028245
38248082
38534939
38615661
40123115
40671325
41338609
41801776
44344129
45217884
45247445
45250727
45757839
45912865
46402396
47000928
47168310
47287438
48431427
49328415
50308222
50959873
51366580
53025236
53643993
53707572
53831601
53851279
54210519
55197070
55289143
55405720
55649559
55809241
56048779
56073975
57069359
57459114
57467424
57525704
57562922
58007816
58197455
58308342
59957487
61103053
61258378
61419380
61483920
62224881
62523311
62638224
63331875
64044243
64328385
64644004
64935586
65227289
65476882
66344798
66447784
67018895
67415694
67716624
67803650
68079298
68178965
68692864
68980243
69396279
69465694
69694039
70496338
70800610
71156729
71207116
71444778
71525302
71662049
71744778
71949585
72135366
72148046
72754466
72937244
74621059
74899728
74957957
75243051
76072636
76073636
76173979
77057472
77106105
77445130
78571860
78779667
78796188
78894994
78903064
79196745
79532792
79567840
79572181
80555888
80981951
81075880
81173405
81501528
81530763
81578020
81847354
81857656
82039419
82043033
82398154
82456368
82666849
82673862
82843887
83088306
83392821
83477797
83695350
83695633
83806303
84029038
84183126
84263278
84355976
84524841
84593939
84910424
84991111
85659427
85661307
85972680
86056011
86081574
86443828
86791726
87098433
87834240
88392672
88775223
88965696
89198119
89350603
89419285
89427023
89789241
89847497
90248279
90337686
90361374
90505143
90550844
90692327
90761744
90831467
90919929
91005587
91054649
91588825
91701535
91702540
91723142
91875812
92149752
92500503
92558785
93215469
93275715
93646145
93683507
94013526
94277281
94383700
94513873
94616875
95011883
95196070
95311150
95355713
95384667
95440324
95701079
95738698
95929491
96108099
96686351
96715532
97146789
97206824
97720589
97726218
97804179
97909139
97973103
97986042
98034975
98297601
98712722
99253801
99266270
99333763
100450366
100660706
101193650
101658544
101780886
101829696
101858987
102001563
102072065
102282506
102407623
102469086
102600785
102650034
103092019
103167581
103460563
103628166
103667104
104294845
104784211
104810699
105082436
105283606
105356078
105427410
105733905
105831117
105922399
105965527
106080135
106102671
106356472
106373820
106524128
106775228
106952004
106991024
107047923
107083326
107090286
107117297
107306009
107408751
107871510
107922801
108483223
108543364
108589208
109328427
109883708
109883718
110118287
110226428
110339707
110438926
110462457
110563763
110568763
110580092
110866619
111402836
111425793
111539215
111762332
112208542
112214776
112622834
112645354
112775521
112887349
112904120
113195330
113242988
113463560
113589486
113942853
114075452
114222150
114289659
114552601
114937435
114983637
115172094
115181561
115200165
115366757
115544251
115609120
115729936
115756780
116013457
116073628
116181561
116255052
116301468
116410047
116430704
116453375
116477706
116650069
117125639
117232864
117408862
117573964
117598170
117694262
117832187
117852885
117858746
118232864
118259322
118489708
118524446
118553886
118559452
118682430
118801519
118832187
118853696
118887271
119336742
119398715
119597036
119694409
119962710
120088521
120194200
120201309
120355092
120434722
120581716
120636127
120933476
120968995
121315157
121660132
121876002
121913006
122115548
122189657
122268254
122362660
122478311
122494027
122591840
122662162
122703863
123231962
123289212
123496823
123625994
123678723
123679337
123791833
123890976
124333114
124442861
124449156
124543002
124602116
124642545
124742996
124861360
124874274
124891697
125012050
125314653
125577403
125669395
125810343
125871705
126295590
126483023
126686948
126778555
126909387
126923475
126993641
127039864
127267914
127290656
127295630
127517095
127517895
128010905
128031123
128101268
128188125
128393446
128397301
128532137
128637511
128691204
128722412
128777011
128802892
128922342
128931123
128945619
128948174
128976419
129138552
129143420
129313721
129389570
129471706
129635068
130121171
130173874
130179736
130197894
130463349
130512548
130703389
130779114
131147126
131210250
131273155
131273702
131459710
131672555
131702134
131734606
132351872
132562569
132573188
132643877
132749659
132758281
132905535
133300029
133805608
133902265
134018704
134135899
134237543
134515368
134549846
134572539
134613349
134678243
134711473
134722641
134903952
135087552
135090084
135161942
135300053
135421102
135454851
135626504
135745812
135921611
135927683
135975051
136358126
136403990
136426956
136460147
136519198
136671254
136817688
136875257
137078988
137185773
137295630
137354143
137395630
137483797
137502797
137542932
137601946
137670308
137830033
137930033
138000057
138019977
138439836
138490662
138497709
138596778
138652794
138700053
138899659
138952291
138990086
139103784
139193336
139486740
139551110
139625606
139768815
139864636
139994345
140175267
140728516
140803881
140992462
141203019
141348350
141365645
141742403
141795341
141798052
142179523
142231513
142531707
142554282
142752502
142773851
142805390
143306124
143314334
143579462
143582261
143633432
143646607
143787598
144146616
144284128
144295015
144337890
144432507
144509853
144537780
144573465
145014137
145165951
145227454
145230416
145325574
145385790
145433128
145793897
145815680
146094490
146338195
146412353
146543365
146548781
146591117
146662486
146793897
146793898
146834517
146925005
146951134
147192273
147203199
147263151
147375982
147451538
147678663
147904555
147908455
148071490
148110218
148179815
148353020
148422450
148571409
148596343
148625695
148647952
148683531
148990370
149239072
149394890
149526860
149796367
149991581
150061529
150155374
150564073
150591376
150621658
150648233
150654590
150834059
151154811
151388910
151509381
151516285
151590904
151645464
151726433
151950500
152046599
152191507
152355735
152453598
152561399
152577283
152596528
152681210
153144382
153242962
153252356
153304477
153367927
153374578
153894041
153950079
154024897
154127149
154463311
154510673
154541428
154837927
154981969
155463311
155811307
155811608
156016462
156033861
156083900
156230031
156603389
156619524
156792032
156826088
156844286
156855216
156907432
157312181
157579028
157608099
157694999
157702938
157772137
157775095
158038447
158042811
158086653
158216329
158643974
158776674
158823839
159086119
159275750
159364985
159391497
159569905
159619428
159724780
159783255
159789976
159947618
159983672
160101918
160124793
160342183
160426699
160434081
160545486
160657543
160788622
161002093
161053807
161147817
161159097
161497863
161728984
161745952
161754787
161794454
161795119
161801854
161948886
162206551
162286512
162307046
162326402
162892709
163058536
163189502
163248439
163327115
163457277
163890892
164340906
164536886
164551867
164626424
164734972
164825513
165156330
165326094
165378811
165522903
165602297
165734817
165738873
165739873
165801720
165913691
166248784
166361224
166442181
166514878
166531524
166578526
166746222
166757437
166771635
166851979
166904913
166928979
166987713
167060309
167386568
167727386
168081824
168083696
168642874
168683981
168828573
168965402
169121597
169149523
169320497
169431441
169613345
169742831
169895146
169928311
170165273
170320624
170630045
170693740
170851856
170897029
171191342
171228735
171388155
171426727
171615674
172123176
172296873
172401693
172585125
172588121
172619482
172767635
172914369
172997125
173003568
173047692
173356962
173360594
173370237
173381165
173383151
173475782
173693223
173867391
174066300
174081201
174240867
174328096
174480238
174706959
174717133
174828708
174909465
175031005
175160134
175169134
175466950
175624559
175800729
175840159
175996891
176149208
176276150
176444952
176821396
176832015
176840538
176932067
177145244
177188358
177287023
177604480
177775568
177841845
177866896
177915635
178310835
178381348
178431201
178566309
178761202
178856781
179033998
179292104
179374560
179398038
179542244
179623286
179689646
179744546
179811587
179982517
180045081
180249792
180257831
180349065
180541590
180727364
180975911
181191885
181240822
181270560
181480103
181571702
181742354
181883823
182161005
182589073
182857990
183206247
183413502
183684934
183787230
183945669
184494191
184557517
184621303
184633625
184719168
184987227
185231788
185393961
185703769
185812776
185814856
186382824
186547394
186587427
186605806
187178969
187660603
187792851
187857915
188001184
188021610
188121593
188594093
188899185
189094323
189221402
190007471
190205098
190340700
190433951
190491575
190598337
190771247
190824452
190990840
191017860
191136980
191533532
191871119
192274511
193223978
193251778
193446022
193722022
194017675
194306213
194321911
194751571
195303113
195357500
195831710
195932405
196340462
196433207
196498731
196499937
196579532
197531890
197628899
197677966
197724672
197821105
197947905
198449267
198890789
199346309
199512626
200089084
200461805
200840805
202650789
203352878
203394494
204379207
204494119
205758087
205788979
206671924
207362895
207857430
208556480
210256118
210352928
210543836
210650423
211075497
211379249
211949259
212045983
212533347
212811361
214080808
214502112
215335811
215398453
215407629
215805001
216585399
216588630
216619611
217055468
218094936
218226665
218353329
218709580
219335776
219521053
219857278
222722107
224597473
232947279
234335008
247125143
255801020
646440004
646440041
710155516
723364050
1001074652
1001638859
1003960972
1006147673
1007467570
1007842071
1022933590
1025791739
1031093150
1031407673
1032652016
1043641029
1044441856
1044807003
1046029466
